;*******************公共;*******************
85000 0 0 ""  ;
85001 0 0 ""  ;
85002 0 0 ""  ;
85003 0 0 ""  ;
85004 0 0 ""  ;
85005 0 0 ""  ;
85006 0 0 ""  ;
85007 0 0 ""  ;
85008 0 0 ""  ;
85009 0 0 ""  ;
85010 0 0 ""  ;
85011 0 0 ""  ;
85012 0 0 ""  ;
;85013 0 0 "\\P_001.png"  ;绿色开关 off 图标
;85014 0 0 "\\P_002.png"  ;绿色开关 on  图标
85013 0 0 "关"
85014 0 0 "开"
85015 0 0 "机床%n配置"  ;
85016 0 0 "重置配置"  ;
;85017 0 0 "\\P_005.png"  ;
85017 0 0 "↩"  ;
85018 0 0 ""  ;
85019 0 0 ""  ;
85020 0 0 ""  ;
85021 0 0 "工艺参数"  ;
85022 0 0 "修整参数"  ;
85023 0 0 ""  ;
85024 0 0 "出厂信息"  ;
85025 0 0 "加工设置"  ;
85026 0 0 "自动对刀"  ;
85027 0 0 ""  ;
85028 0 0 ""  ;
85029 0 0 "备份%n恢复"  ;
85030 0 0 "恢复行号设置"  ;
85031 0 0 "恢复"  ;
85032 0 0 "是否确认恢复指定数据"  ;
85033 0 0 "确认恢复"  ;
85034 0 0 "取消"  ;
85035 0 0 "确认"  ;
85036 0 0 ""  ;
85037 0 0 "历史记录"  ;
85038 0 0 "当前记录行号"  ;
85039 0 0 "<-"  ;
85040 0 0 "是"  ;
85041 0 0 "否"  ;
85042 0 0 "°"  ;
85043 0 0 "mm"  ;
85044 0 0 "rpm"  ;
85045 0 0 "mm/min"  ;
85046 0 0 "m/s"  ;
85047 0 0 "s"  ;
85048 0 0 "min"  ;
85049 0 0 "/"  ;
85050 0 0 "次"  ;
85051 0 0 "头"  ;
85052 0 0 ":"  ;
85053 0 0 "′"  ;
85054 0 0 "″"  ;
85055 0 0 "度"  ;
85056 0 0 "分"  ;
85057 0 0 "秒"  ;
85058 0 0 "坐标写入"  ;
85059 0 0 "%"  ;
85060 0 0 "机床型号: MK6120"  ;
85061 0 0 "出厂编号: "  ;
85062 0 0 "出厂日期: "  ;
85063 0 0 ""  ;
85064 0 0 "用户%n界面"  ;
85065 0 0 "出厂%n信息"  ;
85066 0 0 "磨削%n参数"  ;
85067 0 0 "工艺%n参数"  ;
85068 0 0 "修整%n参数"  ;
85069 0 0 "自动%n对刀"  ;
85070 0 0 ""  ;
85071 0 0 ""  ;
85072 0 0 ""  ;
85073 0 0 "返回"  ;
85074 0 0 ""  ;
85075 0 0 "工件参数"  ;
85076 0 0 "加工%n数据"  ;
85077 0 0 "通磨"  ;
85078 0 0 "前角"  ;
85079 0 0 "平刃后角"  ;
85080 0 0 "齿背"  ;
85081 0 0 "铲背"  ;
85082 0 0 "0-50"  ;
85083 0 0 "51-100"  ;
85084 0 0 "101-150"  ;
85085 0 0 "测量%n数据"  ;
85086 0 0 "齿端平面"  ;
85087 0 0 "首件工件"  ;
85088 0 0 "不是首件"  ;
85089 0 0 "是否是批量中的首件工件"  ;
85090 0 0 "从左到右"  ;
85091 0 0 "从右到左"  ;
85092 0 0 "吸铁台面"  ;
85093 0 0 "内圆加工"  ;
85094 0 0 "螺旋槽"  ;
85095 0 0 "导程模式"  ;
85096 0 0 "标准"  ;
85097 0 0 "测量"  ;
85098 0 0 "靠磨后背"  ;
85099 0 0 "磨削%n基准"  ;
;*******************磨削参数;*******************
85100 0 0 ""  ;
85101 0 0 ""  ;
85102 0 0 "工件头数"  ;
85103 0 0 "螺纹旋向"  ;
85104 0 0 "标准螺旋距"  ;
85105 0 0 ""  ;
85106 0 0 "退刀位置.Y"  ;
85107 0 0 ""  ;
85108 0 0 "工件起始.Z"  ;
85109 0 0 "齿升设置"  ;
85110 0 0 "同步齿升"  ;
85111 0 0 "底有顶无"  ;
85112 0 0 "底无顶有"  ;
85113 0 0 ""  ;
85114 0 0 ""  ;
85115 0 0 ""  ;
85116 0 0 "X_DRF:"  ;
85117 0 0 "Z_DRF:"  ;
85118 0 0 "X:"  ;
85119 0 0 "Z:"  ;
85120 0 0 "C:"  ;
85121 0 0 "B:"  ;
85122 0 0 "A:"  ;
85123 0 0 "\\panel_51_0_chs.png"  ;
85124 0 0 "右旋"  ;
85125 0 0 "左旋"  ;
85126 0 0 "Y:"  ;
85127 0 0 "Y_DRF"  ;
85128 0 0 "退刀位置.X"  ;
85129 0 0 "通磨起点.Z"  ;
85130 0 0 ""  ;
85131 0 0 "加工选择"  ;
85132 0 0 ""  ;
85133 0 0 "齿厚"  ;
85134 0 0 "磨削类型"  ;
85135 0 0 ""  ;
85136 0 0 ""  ;
85137 0 0 ""  ;
85138 0 0 ""  ;
85139 0 0 ""  ;
85140 0 0 ""  ;
85141 0 0 ""  ;
85142 0 0 ""  ;
85143 0 0 ""  ;
85144 0 0 ""  ;
85145 0 0 ""  ;
85146 0 0 ""  ;
85147 0 0 ""  ;
85148 0 0 ""  ;
85149 0 0 "前角角度"  ;
85150 0 0 "齿背角度"  ;
85151 0 0 "齿厚";
85152 0 0 "后角角度"  ;
85153 0 0 "";
85154 0 0 "齿深"  ;
85155 0 0 "首齿起始.Z"  ;
85156 0 0 "齿升量"  ;
85157 0 0 "无"  ;
85158 0 0 "当前磨削接触.Y"  ;
85159 0 0 ""  ;
85160 0 0 ""  ;
85161 0 0 ""  ;
85162 0 0 "有"  ;
85163 0 0 "加工方向"  ;
85164 0 0 ""  ;
85165 0 0 ""  ;
;
85166 0 0 "单件调整"  ;
85167 0 0 "批量生产";
85168 0 0 "当前磨削安全位.Y"  ;
85169 0 0 "初始磨削接触.Y"  ;
85170 0 0 "加工模式"  ;
85171 0 0 ""  ;
85172 0 0 "安全抬高.Y"  ;
85173 0 0 "当前磨削接触.Z"  ;
85174 0 0 ""  ;
85175 0 0 ""  ;
85176 0 0 "C轴起始角"  ;
85177 0 0 "齿根起点.Z"  ;
85178 0 0 ""  ;
85179 0 0 "终点补偿.Z"  ;
85180 0 0 "头架中心.X"  ;
85181 0 0 "拉刀类型"  ;
85182 0 0 "平面拉刀"  ;
85183 0 0 "圆拉刀"  ;
85184 0 0 "槽数"  ;
85185 0 0 "起始磨削槽"  ;
85186 0 0 "终止磨削槽"  ;
85187 0 0 ""  ;
85188 0 0 ""  ;
85189 0 0 "斜线进刀"  ;
85190 0 0 "否"  ;
85191 0 0 "是"  ;
85192 0 0 ""  ;
85193 0 0 "齿距模式"  ;
85194 0 0 "测量"  ;
85195 0 0 "标准"  ;
85196 0 0 "磨削长度.Z"  ;
85197 0 0 "平移步距.Z"  ;
85198 0 0 "起始偏置.Y"  ;
85199 0 0 "起始偏置.Z"  ;
;*******************工艺参数;*******************
85200 0 0 "\\panel_2_0_chs.png"  ;
85201 0 0 ""  ;
85202 0 0 "\\panel_11_0_chs.png"  ;
85203 0 0 "粗磨"  ;
85204 0 0 "半精磨"  ;
85205 0 0 "精磨"  ;
85206 0 0 "终磨"  ;
85207 0 0 ""  ;
85208 0 0 ""  ;
85209 0 0 ""  ;
85210 0 0 ""  ;
85211 0 0 ""  ;
85212 0 0 ""  ;
85213 0 0 ""  ;
85214 0 0 "修整后空刀加工一次"  ;
85215 0 0 "前角测量"  ;
85216 0 0 ""  ;
85217 0 0 ""  ;
85218 0 0 ""  ;
85219 0 0 "设定磨削总量"  ;
85220 0 0 "头架转速"  ;
85221 0 0 "砂轮转速"  ;
85222 0 0 "累计磨削总量"  ;
85223 0 0 ""  ;
85224 0 0 ""  ;
85225 0 0 ""  ;
85226 0 0 ""  ;
85227 0 0 "已加工"  ;
85228 0 0 "齿"  ;
85229 0 0 "修整设定"  ;
85230 0 0 "底面磨削量"  ;
85231 0 0 "前角底面"  ;
85232 0 0 "前角侧面"  ;
85233 0 0 "单  向"  ;
85234 0 0 "双  向"  ;
85235 0 0 ""  ;
85236 0 0 ""  ;
85237 0 0 ""  ;
85238 0 0 ""  ;
85239 0 0 ""  ;
85240 0 0 "磨削偏移累计.Z"  ;
85241 0 0 ""  ;
85242 0 0 "进刀方向"  ;
85243 0 0 "垂直"  ;
85244 0 0 "水平"  ;
85245 0 0 "齿背底面"  ;
85246 0 0 "齿背侧面"  ;
85247 0 0 "平刃后角"  ;
85248 0 0 "通磨"  ;
85249 0 0 "铲背"  ;
85250 0 0 "与前角差值.Y"  ;
85251 0 0 "后背侧面"  ;
85252 0 0 "与首齿差值.Y"  ;
85253 0 0 "与尾齿差值.Y"  ;
85254 0 0 "首齿累计磨削"  ;
85255 0 0 "累计磨削总量"  ;
85256 0 0 "第1头测量导程"  ;
85257 0 0 "第2头测量导程"  ;
85258 0 0 "第3头测量导程"  ;
85259 0 0 "第4头测量导程"  ;
85260 0 0 "第5头测量导程"  ;
85261 0 0 "第6头测量导程"  ;
85262 0 0 "后角测量"  ;
85263 0 0 "退刀位置.Z"  ;
85264 0 0 "主轴负载"  ;
85265 0 0 "主轴转速"  ;
85266 0 0 "修整轮转速"  ;
85267 0 0 "滚轮旋转方向"  ;
85268 0 0 "正向旋转"  ;
85269 0 0 "反向旋转"  ;
85270 0 0 "侧面磨削量"  ;
85271 0 0 "螺旋底面"  ;
85272 0 0 "螺旋侧面"  ;
85273 0 0 "磨圆弧"  ;
85274 0 0 "否"  ;
85275 0 0 "是"  ;
85276 0 0 "圆弧类型"  ;
85277 0 0 "凸圆弧"  ;
85278 0 0 "凹圆弧"  ;
85279 0 0 "\\panel_10_0_chs.png"  ;
85280 0 0 ""  ;
85281 0 0 "圆心.Z"  ;
85282 0 0 "圆心.X"  ;
85283 0 0 "圆心.Y"  ;
85284 0 0 "右侧磨削接触.Z"  ;
85285 0 0 "磨削深度.Y"  ;
85286 0 0 "磨削圈数"  ;
85287 0 0 "粗磨进给上限"  ;
85288 0 0 "粗磨进给下限"  ;
85289 0 0 ""  ;
85290 0 0 "头架安全.C"  ;
85291 0 0 "磨削类型"  ;
85292 0 0 "通磨槽"  ;
85293 0 0 "通磨外圆"  ;
85294 0 0 ""  ;
85295 0 0 ""  ;
85296 0 0 "圆心偏移.Z"  ;
85297 0 0 "加工长度.Z"  ;
85298 0 0 "圆弧半径"  ;
85299 0 0 "半径补偿"  ;
;*******************修整参数;*******************
85300 0 0 ""  ;
85301 0 0 ""  ;
85302 0 0 ""  ;
85303 0 0 "砂轮最小直径"  ;
85304 0 0 ""  ;
85305 0 0 ""  ;
85306 0 0 "粗修速度"  ;
85307 0 0 "精修速度"  ;
85308 0 0 "粗修整量"  ;
85309 0 0 "精修整量"  ;
85310 0 0 ""  ;
85311 0 0 ""  ;
85312 0 0 ""  ;
85313 0 0 "当前砂轮厚度"  ;
85314 0 0 "最小砂轮厚度"  ;
85315 0 0 "基准砂轮直径"  ;
85316 0 0 "新砂轮厚度"  ;
85317 0 0 "砂轮线速度"  ;
85318 0 0 ""  ;
85319 0 0 "新砂轮直径"  ;
85320 0 0 "当前砂轮直径"  ;
85321 0 0 "程序路径"  ;
85322 0 0 "内部"  ;
85323 0 0 "后USB"  ;
85324 0 0 "前USB"  ;
85325 0 0 "砂轮锥度角"  ;
85326 0 0 "CF卡"  ;
85327 0 0 "新砂轮"  ;
85328 0 0 "旧砂轮"  ;
85329 0 0 "直径方向参数:"  ;
85330 0 0 "厚度方向参数:"  ;
85331 0 0 "齿顶圆弧半径"  ;
85332 0 0 "主轴"  ;
85333 0 0 "修整轮"  ;
85334 0 0 ""  ;
85335 0 0 ""  ;
85336 0 0 ""  ;
85337 0 0 ""  ;
85338 0 0 ""  ;
85339 0 0 ""  ;
85340 0 0 "粗修次数"  ;
85341 0 0 "精修次数"  ;
85342 0 0 ""  ;
85343 0 0 ""  ;
85344 0 0 ""  ;
85345 0 0 "插补"  ;
85346 0 0 ""  ;
85347 0 0 ""  ;
85348 0 0 "滚压"  ;
85349 0 0 ""  ;
85350 0 0 "砂轮状态"  ;
85351 0 0 ""  ;
85352 0 0 ""  ;
85353 0 0 ""  ;
85354 0 0 ""  ;
85355 0 0 ""  ;
85356 0 0 ""  ;
85357 0 0 ""  ;
85358 0 0 ""  ;
85359 0 0 ""  ;
85360 0 0 ""  ;
85361 0 0 ""  ;
85362 0 0 ""  ;
85363 0 0 ""  ;
85364 0 0 ""  ;
85365 0 0 ""  ;
85366 0 0 ""  ;
85367 0 0 "修整模式"  ;
85368 0 0 "直径方向"  ;
85369 0 0 "厚度方向"  ;
85370 0 0 "修整安全距离.Z"  ;
85371 0 0 "金刚笔"  ;
85372 0 0 "通磨槽模式"  ;
85373 0 0 "按槽计数"  ;
85374 0 0 "按圈计数"  ;
85375 0 0 ""  ;
85376 0 0 ""  ;
85377 0 0 ""  ;
85378 0 0 ""  ;
85379 0 0 "滚压轮"  ;
85380 0 0 "单滚轮"  ;
85381 0 0 ""  ;
85382 0 0 ""  ;
85383 0 0 ""  ;
85384 0 0 ""  ;
85385 0 0 ""  ;
85386 0 0 ""  ;
85387 0 0 "修整器类型"  ;
85388 0 0 ""  ;
85389 0 0 ""  ;
85390 0 0 "上次使用日期"  ;
85391 0 0 "齿型名称"  ;
85392 0 0 "齿高"  ;
85393 0 0 "抬刀高度"  ;
85394 0 0 "砂轮直径"  ;
85395 0 0 "磨杆长度"  ;
85396 0 0 "垫圈厚度"  ;
85397 0 0 "砂轮厚度"  ;
85398 0 0 "行号"  ;
85399 0 0 ""  ;
;*******************齿形参数;*******************
85400 0 0 ""  ;
85401 0 0 ""  ;
85402 0 0 ""  ;
85403 0 0 ""  ;
85404 0 0 ""  ;
85405 0 0 ""  ;
85406 0 0 ""  ;
85407 0 0 ""  ;
85408 0 0 ""  ;
85409 0 0 ""  ;
85410 0 0 ""  ;
85411 0 0 ""  ;
85412 0 0 ""  ;
85413 0 0 ""  ;
85414 0 0 ""  ;
85415 0 0 ""  ;
85416 0 0 ""  ;
85417 0 0 ""  ;
85418 0 0 ""  ;
85419 0 0 ""  ;
85420 0 0 ""  ;
85421 0 0 ""  ;
85422 0 0 ""  ;
85423 0 0 ""  ;
85424 0 0 ""  ;
85425 0 0 ""  ;
85426 0 0 ""  ;
85427 0 0 ""  ;
85428 0 0 ""  ;
85429 0 0 ""  ;
85430 0 0 ""  ;
85431 0 0 ""  ;
85432 0 0 ""  ;
85433 0 0 ""  ;
85434 0 0 ""  ;
85435 0 0 ""  ;
85436 0 0 ""  ;
85437 0 0 ""  ;
85438 0 0 ""  ;
85439 0 0 ""  ;
85440 0 0 ""  ;
85441 0 0 ""  ;
85442 0 0 ""  ;
85443 0 0 ""  ;
85444 0 0 ""  ;
85445 0 0 ""  ;
85446 0 0 ""  ;
85447 0 0 ""  ;
85448 0 0 ""  ;
85449 0 0 ""  ;
85450 0 0 ""  ;
85451 0 0 ""  ;
85452 0 0 ""  ;
85453 0 0 ""  ;
85454 0 0 ""  ;
85455 0 0 ""  ;
85456 0 0 "程序目录"  ;
85457 0 0 ""  ;
85458 0 0 ""  ;
85459 0 0 ""  ;
85460 0 0 ""  ;
85461 0 0 ""  ;
85462 0 0 ""  ;
85463 0 0 ""  ;
85464 0 0 "程序名称"  ;
85465 0 0 ""  ;
85466 0 0 ""  ;
85467 0 0 ""  ;
85468 0 0 ""  ;
85469 0 0 ""  ;
85470 0 0 ""  ;
85471 0 0 ""  ;
85472 0 0 ""  ;
85473 0 0 ""  ;
85474 0 0 ""  ;
85475 0 0 ""  ;
85476 0 0 ""  ;
85477 0 0 "修-磨.角度差"  ;
85478 0 0 ""  ;
85479 0 0 ""  ;
85480 0 0 ""  ;
85481 0 0 ""  ;
85482 0 0 ""  ;
85483 0 0 ""  ;
85484 0 0 ""  ;
85485 0 0 ""  ;
85486 0 0 ""  ;
85487 0 0 ""  ;
85488 0 0 ""  ;
85489 0 0 ""  ;
85490 0 0 ""  ;
85491 0 0 ""  ;
85492 0 0 ""  ;
85493 0 0 "通磨当前.Y"  ;
85494 0 0 ""  ;
85495 0 0 ""  ;
85496 0 0 ""  ;
85497 0 0 ""  ;
85498 0 0 ""  ;
85499 0 0 ""  ;
;*******************自动对刀;*******************
85500 0 0 "首齿测量.C"  ;
85501 0 0 "测量齿数"  ;
85502 0 0 "全部齿"  ;
85503 0 0 "第一齿"  ;
85504 0 0 "测头校准"  ;
85505 0 0 "回转中心基准.X"  ;
85506 0 0 "回转中心基准.Y"  ;
85507 0 0 "回转中心基准.Z"  ;
85508 0 0 "测量起始.X"  ;
85509 0 0 "测量起始.Y"  ;
85510 0 0 "测量起始.Z"  ;
85511 0 0 "基准测头半径"  ;
85512 0 0 "基准测量杆总长"  ;
85513 0 0 "测量坐标"  ;
85514 0 0 "分度累计.C"  ;
85515 0 0 "测量角度"  ;
85516 0 0 "标准棒直径"  ;
85517 0 0 "基准Y测量.X"  ;
85518 0 0 "基准Y测量.Y"  ;
85519 0 0 "基准Y测量.Z"  ;
85520 0 0 "基准测量值.Y"  ;
85521 0 0 "基准测量值.Z"  ;
85522 0 0 "前角尖基准.Y"  ;
85523 0 0 "前角尖基准.Z"  ;
85524 0 0 "基准Y测量"  ;
85525 0 0 ""  ;
85526 0 0 ""  ;
85527 0 0 ""  ;
85528 0 0 ""  ;
85529 0 0 ""  ;
85530 0 0 ""  ;
85531 0 0 ""  ;
85532 0 0 ""  ;
85533 0 0 ""  ;
85534 0 0 "测头"  ;
85535 0 0 ""  ;
85536 0 0 ""  ;
85537 0 0 ""  ;
85538 0 0 ""  ;
85539 0 0 ""  ;
85540 0 0 ""  ;
85541 0 0 ""  ;
85542 0 0 ""  ;
85543 0 0 ""  ;
85544 0 0 ""  ;
85545 0 0 ""  ;
85546 0 0 ""  ;
85547 0 0 ""  ;
85548 0 0 ""  ;
85549 0 0 ""  ;
85550 0 0 ""  ;
85551 0 0 ""  ;
85552 0 0 ""  ;
85553 0 0 ""  ;
85554 0 0 ""  ;
85555 0 0 ""  ;
85556 0 0 "累计偏移.Z"  ;
85557 0 0 "最后齿背底面偏置.Z"  ;
85558 0 0 ""  ;
85559 0 0 ""  ;
85560 0 0 ""  ;
85561 0 0 ""  ;
85562 0 0 ""  ;
85563 0 0 "齿号"  ;
85564 0 0 "底面测量.Y"  ;
85565 0 0 "底面偏移.Y"  ;
85566 0 0 "前角测量上.Z"  ;
85567 0 0 "齿距.Z"  ;
85568 0 0 "齿背测量上.Z"  ;
85569 0 0 "齿厚.Z"  ;
85570 0 0 "首齿测量.X"  ;
85571 0 0 "安全抬高.Y"  ;
85572 0 0 "首齿测量.Z"  ;
85573 0 0 "首齿测量.A"  ;
85574 0 0 "首齿测量.B"  ;
85575 0 0 "首齿测量.Y"  ;
85576 0 0 ""  ;
85577 0 0 "当前测量齿"  ;
85578 0 0 "后角测量.Y"  ;
85579 0 0 "后角偏移.Y"  ;
85580 0 0 "测量底面偏置.Z"  ;
85581 0 0 "测量顶面偏置.Z"  ;
85582 0 0 "测头半径"  ;
85583 0 0 "前角底面.Y"  ;
85584 0 0 "前角当前.Z"  ;
85585 0 0 "齿背当前.Z"  ;
85586 0 0 "后角当前.Y"  ;
85587 0 0 ""  ;
85588 0 0 "铲背当前.Y"  ;
85589 0 0 "齿高.Y"  ;
85590 0 0 "前角测量下.Z"  ;
85591 0 0 "齿背测量下.Z"  ;
85592 0 0 "前刃R"  ;
85593 0 0 "齿背底面.Y"  ;
85594 0 0 "测量模式"  ;
85595 0 0 "全测"  ;
85596 0 0 "前角"  ;
85597 0 0 "前角+底面"  ;
85598 0 0 "测量前角偏置.Z"  ;
85599 0 0 "接触反向距离"  ;
;*******************滚轮参数;*******************
85600 0 0 "修整轮转速"  ;
85601 0 0 "修整基准.Y"  ;
85602 0 0 "齿高"  ;
85603 0 0 ""  ;
85604 0 0 "修整停留时间"  ;
85605 0 0 ""  ;
85606 0 0 ""  ;
85607 0 0 "滚轮圆弧圆心和砂轮平分线重合时的水平轴坐标"  ;
85608 0 0 "测量方向.X"  ;
85609 0 0 "正向"  ;
85610 0 0 "负向"  ;
85611 0 0 ""  ;
85612 0 0 "圆弧半径"  ;
85613 0 0 ""  ;
85614 0 0 ""  ;
85615 0 0 ""  ;
85616 0 0 ""  ;
85617 0 0 ""  ;
85618 0 0 ""  ;
85619 0 0 ""  ;
85620 0 0 "修整轮直径"  ;
85621 0 0 "修整轮线速度"  ;
85622 0 0 ""  ;
85623 0 0 ""  ;
85624 0 0 ""  ;
85625 0 0 ""  ;
85626 0 0 "修整基准.Z"  ;
85627 0 0 "初始接触.Y"  ;
85628 0 0 "当前接触.Y"  ;
85629 0 0 ""  ;
85630 0 0 ""  ;
85631 0 0 ""  ;
85632 0 0 ""  ;
85633 0 0 ""  ;
85634 0 0 "修整位.X"  ;
85635 0 0 "修整位.A"  ;
85636 0 0 "修整位.B"  ;
85637 0 0 "新砂轮抬刀"  ;
85638 0 0 "滚轮选择"  ;
85639 0 0 "左-前"  ;
85640 0 0 "左-后"  ;
85641 0 0 "修整基准.X"  ;
85642 0 0 ""  ;
85643 0 0 "计算厚度方向基准.Y:"  ;
85644 0 0 "砂轮实际接触滚轮.Y"  ;
85645 0 0 "砂轮实际厚度"  ;
85646 0 0 "计算直径方向基准.Z:"  ;
85647 0 0 ""  ;
85648 0 0 "滚轮垫圈厚度"  ;
85649 0 0 "滚轮端面到圆弧厚度"  ;
85650 0 0 "磨杆长度"  ;
85651 0 0 "磨杆垫圈厚度"  ;
85652 0 0 "砂轮厚度"  ;
85653 0 0 "端面基准.Z"  ;
85654 0 0 ""  ;
85655 0 0 ""  ;
85656 0 0 ""  ;
85657 0 0 "计算直径方向基准.Y:"  ;
85658 0 0 "砂轮实际直径"  ;
85659 0 0 "滚轮端面到槽底厚度"  ;
85660 0 0 "修整基准.Y"  ;
85661 0 0 ""  ;
85662 0 0 "起点.X"  ;
85663 0 0 ""  ;
85664 0 0 ""  ;
85665 0 0 "尾齿.Z"  ;
85666 0 0 "尾齿.Y"  ;
85667 0 0 "右-前"  ;
85668 0 0 "右-后"  ;
85669 0 0 "砂轮选择"  ;
85670 0 0 "砂轮一"  ;
85671 0 0 "砂轮二"  ;
85672 0 0 "前角+后角"  ;
85673 0 0 "齿升量模式"  ;
85674 0 0 "后角累计.Y"  ;
85675 0 0 "起点.Z"  ;
85676 0 0 "测量杆总长"  ;
85677 0 0 "前+底+后"  ;
85678 0 0 "底面累计.Y"  ;
85679 0 0 "测量第一齿基准"  ;
85680 0 0 "基准X测量.X"  ;
85681 0 0 "基准X测量.Y"  ;
85682 0 0 "基准测量值.X"  ;
85683 0 0 "磨削顺序"  ;
85684 0 0 "从前往后"  ;
85685 0 0 "从后往前"  ;
85686 0 0 "基准X测量.Z"  ;
85687 0 0 "砂轮基准偏移.X"  ;
85688 0 0 "自动计算起点位:"  ;
85689 0 0 "砂轮基准偏移.Y"  ;
85690 0 0 "起点.Y"  ;
85691 0 0 "测头相对回转中心虚拟半径"  ;
85692 0 0 "测头虚拟半径和测量杆的夹角"  ;
85693 0 0 "测头测量时虚拟半径垂直向下的夹角"  ;
85694 0 0 "虚拟半径"  ;
85695 0 0 "同测量杆夹角"  ;
85696 0 0 "相对垂直夹角"  ;
85697 0 0 "齿轮精度测量"  ;
85698 0 0 "齿槽长度"  ;
85699 0 0 "测量安全位.Y"  ;
;*******************外圆参数;*******************
85700 0 0 ""  ;
85701 0 0 ""  ;
85702 0 0 ""  ;
85703 0 0 ""  ;
85704 0 0 ""  ;
85705 0 0 ""  ;
85706 0 0 ""  ;
85707 0 0 ""  ;
85708 0 0 ""  ;
85709 0 0 ""  ;
85710 0 0 ""  ;
85711 0 0 ""  ;
85712 0 0 ""  ;
85713 0 0 ""  ;
85714 0 0 ""  ;
85715 0 0 ""  ;
85716 0 0 ""  ;
85717 0 0 ""  ;
85718 0 0 ""  ;
85719 0 0 ""  ;
85720 0 0 ""  ;
85721 0 0 ""  ;
85722 0 0 ""  ;
85723 0 0 ""  ;
85724 0 0 ""  ;
85725 0 0 ""  ;
85726 0 0 ""  ;
85727 0 0 ""  ;
85728 0 0 ""  ;
85729 0 0 ""  ;
85730 0 0 ""  ;
85731 0 0 ""  ;
85732 0 0 ""  ;
85733 0 0 ""  ;
85734 0 0 ""  ;
85735 0 0 "最大分度误差"  ;
85736 0 0 "最大齿向误差"  ;
85737 0 0 "最大直线误差"  ;
85738 0 0 "分度"  ;
85739 0 0 "直线度"  ;
85740 0 0 "头架-砂轮-B轴0度:"  ;
85741 0 0 "砂轮一-基准.X"  ;
85742 0 0 "砂轮一-基准.Y"  ;
85743 0 0 "砂轮一-基准.Z"  ;
85744 0 0 "砂轮二-基准.X"  ;
85745 0 0 "砂轮二-基准.Y"  ;
85746 0 0 "砂轮二-基准.Z"  ;
85747 0 0 "头架-砂轮-B轴90度:"  ;
85748 0 0 "砂轮一-基准.X"  ;
85749 0 0 "砂轮一-基准.Y"  ;
85750 0 0 "砂轮一-基准.Z"  ;
85751 0 0 "头架-砂轮-B轴-90度:"  ;
85752 0 0 "砂轮二-基准.X"  ;
85753 0 0 "砂轮二-基准.Y"  ;
85754 0 0 "砂轮二-基准.Z"  ;
85755 0 0 "-------------------------------------------"  ;
85756 0 0 ""  ;
85757 0 0 ""  ;
85758 0 0 "砂轮基准偏移.X"  ;
85759 0 0 "需加工槽数"  ;
85760 0 0 "已加工槽数"  ;
85761 0 0 "测头-砂轮一-基准距:"  ;
85762 0 0 "径向距离"  ;
85763 0 0 "轴向距离"  ;
85764 0 0 "垂直距离"  ;
85765 0 0 "测头-砂轮二-基准距:"  ;
85766 0 0 "基准数据"  ;
85767 0 0 "基准校准"  ;
85768 0 0 "校准数据-砂轮1-基准磨杆:"  ;
85769 0 0 "磨杆长度"  ;
85770 0 0 "磨杆直径"  ;
85771 0 0 "B0_A0_向前接触.X"  ;
85772 0 0 "B0_A0_向左接触.Z"  ;
85773 0 0 "B0_A0_向下接触.Y"  ;
85774 0 0 "B0_A90_向左接触.Z"  ;
85775 0 0 "B0_A90_向下接触.Y"  ;
85776 0 0 ""  ;
85777 0 0 "磨杆长0-基准长度"  ;
85778 0 0 "磨杆距回转中心偏移"  ;
85779 0 0 "校准数据-砂轮2-基准磨杆:"  ;
85780 0 0 ""  ;
85781 0 0 "校准数据-测头-A轴测量角(大于零且角度2需大于角度1):"  ;
85782 0 0 "角度1"  ;
85783 0 0 "角度2"  ;
85784 0 0 "校准数据-测头1:"  ;
85785 0 0 "测头总长"  ;
85786 0 0 "测头半径"  ;
85787 0 0 "B0_A角度1_向前接触.X"  ;
85788 0 0 "B0_A角度1_向右接触.Z"  ;
85789 0 0 "B0_A角度1_向下接触.Y"  ;
85790 0 0 "B0_A角度2_向右接触.Z"  ;
85791 0 0 "B0_A角度2_向下接触.Y"  ;
85792 0 0 ""  ;
85793 0 0 ""  ;
85794 0 0 "校准数据-测头2:"  ;
85795 0 0 "A0-测杆垂直夹角"  ;
85796 0 0 "测杆长0-基准长度"  ;
85797 0 0 "测杆距回转中心偏移"  ;
85798 0 0 ""  ;
85799 0 0 ""  ;

85800 0 0 "B180_A0_向左接触.Z"  ;"  ;
85801 0 0 "B180_A0_向下接触.Y"  ;"  ;
85802 0 0 "B180_A90_向左接触.Z"  ;"  ;
85803 0 0 "B180_A90_向下接触.Y"  ;"  ;
85804 0 0 ""  ;
85805 0 0 ""  ;
85806 0 0 ""  ;
85807 0 0 ""  ;
85808 0 0 ""  ;
85809 0 0 ""  ;
85810 0 0 ""  ;
85811 0 0 ""  ;
85812 0 0 ""  ;
85813 0 0 ""  ;
85814 0 0 ""  ;
85815 0 0 ""  ;
85816 0 0 ""  ;
85817 0 0 ""  ;
85818 0 0 ""  ;
85819 0 0 ""  ;
85820 0 0 ""  ;
85821 0 0 ""  ;
85822 0 0 ""  ;
85823 0 0 ""  ;
85824 0 0 ""  ;
85825 0 0 ""  ;
85826 0 0 ""  ;
85827 0 0 ""  ;
85828 0 0 ""  ;
85829 0 0 ""  ;
85830 0 0 ""  ;
85831 0 0 ""  ;
85832 0 0 ""  ;
85833 0 0 ""  ;
85834 0 0 ""  ;
85835 0 0 ""  ;
85836 0 0 ""  ;
85837 0 0 ""  ;
85838 0 0 ""  ;
85839 0 0 ""  ;
85840 0 0 ""  ;
85841 0 0 ""  ;
85842 0 0 ""  ;
85843 0 0 ""  ;
85844 0 0 ""  ;
85845 0 0 ""  ;
85846 0 0 ""  ;
85847 0 0 ""  ;
85848 0 0 ""  ;
85849 0 0 ""  ;
85850 0 0 ""  ;
85851 0 0 ""  ;
85852 0 0 ""  ;
85853 0 0 ""  ;
85854 0 0 ""  ;
85855 0 0 ""  ;
85856 0 0 ""  ;
85857 0 0 ""  ;
85858 0 0 ""  ;
85859 0 0 ""  ;
85860 0 0 ""  ;
85861 0 0 ""  ;
85862 0 0 ""  ;
85863 0 0 ""  ;
85864 0 0 ""  ;
85865 0 0 ""  ;
85866 0 0 ""  ;
85867 0 0 ""  ;
85868 0 0 ""  ;
85869 0 0 ""  ;
85870 0 0 ""  ;
85871 0 0 ""  ;
85872 0 0 ""  ;
85873 0 0 ""  ;
85874 0 0 ""  ;
85875 0 0 ""  ;
85876 0 0 ""  ;
85877 0 0 ""  ;
85878 0 0 ""  ;
85879 0 0 ""  ;
85880 0 0 ""  ;
85881 0 0 ""  ;
85882 0 0 ""  ;
85883 0 0 ""  ;
85884 0 0 ""  ;
85885 0 0 ""  ;
85886 0 0 ""  ;
85887 0 0 ""  ;
85888 0 0 ""  ;
85889 0 0 ""  ;
85890 0 0 ""  ;
85891 0 0 ""  ;
85892 0 0 ""  ;
85893 0 0 ""  ;
85894 0 0 ""  ;
85895 0 0 ""  ;
85896 0 0 ""  ;
85897 0 0 ""  ;
85898 0 0 ""  ;
85899 0 0 ""  ;
;*********环形槽参数**********
85900 0 0 ""  ;
85901 0 0 ""  ;
85902 0 0 ""  ;
85903 0 0 "总齿数"  ;
85904 0 0 "起始磨削齿"  ;
85905 0 0 "终止磨削齿"  ;
85906 0 0 "需加工齿数"  ;
85907 0 0 "已加工齿数"  ;
85908 0 0 ""  ;
85909 0 0 ""  ;
85910 0 0 ""  ;
85911 0 0 ""  ;
85912 0 0 ""  ;
85913 0 0 ""  ;
85914 0 0 "轴向偏移角.Y"  ;
85915 0 0 "第一组"  ;
85916 0 0 "第二组"  ;
85917 0 0 "第三组"  ;
85918 0 0 "第四组"  ;
85919 0 0 ""  ;
85920 0 0 "首齿起始.Z"  ;
85921 0 0 "首齿起始.Y"  ;
85922 0 0 "磨削起点.X"  ;
85923 0 0 "磨削终点.X"  ;
85924 0 0 "磨削位.A"  ;
85925 0 0 "磨削位.B"  ;
85926 0 0 ""  ;
85927 0 0 "当前A轴磨削位"  ;
85928 0 0 "当前B轴磨削位"  ;
85929 0 0 "第五组"  ;
85930 0 0 "第六组"  ;
85931 0 0 "第七组"  ;
85932 0 0 "第八组"  ;
85933 0 0 "第九组"  ;
85934 0 0 "第十组"  ;
85935 0 0 "磨削起始.Y"  ;
85936 0 0 "磨削当前.Y"  ;
85937 0 0 "首齿当前.Z"  ;
85938 0 0 "首齿当前.Y"  ;
85939 0 0 "新砂轮坐标校准"  ;
85940 0 0 "标记首齿初始.Z"  ;
85941 0 0 "标记首齿初始.Y"  ;
85942 0 0 "磨削当前.Z"  ;
85943 0 0 "标记通磨起点.Z"  ;
85944 0 0 "标记磨削起点.Y"  ;
85945 0 0 "斜进刀角度"  ;
85946 0 0 "轴向补偿角.X"  ;
85947 0 0 "起点补偿.Z"  ;
85948 0 0 "终点补偿.Z"  ;
85949 0 0 "轴向补偿.X"  ;
85950 0 0 "齿前补偿.Z"  ;
85951 0 0 "齿后补偿.Z"  ;
85952 0 0 "磨削位置"  ;
85953 0 0 "首齿平面"  ;
85954 0 0 "尾齿平面"  ;
85955 0 0 ""  ;
85956 0 0 ""  ;
85957 0 0 ""  ;
85958 0 0 ""  ;
85959 0 0 ""  ;
85960 0 0 ""  ;
85961 0 0 ""  ;
85962 0 0 ""  ;
85963 0 0 ""  ;
85964 0 0 "磨削起点.Z"  ;
85965 0 0 "磨削终点.Z"  ;
85966 0 0 "平移步距.X"  ;
85967 0 0 "锥度.Y"  ;
85968 0 0 "磨削起点.X"  ;
85969 0 0 "磨削终点.X"  ;
85970 0 0 "轴向补偿角.Z"  ;
85971 0 0 "全长齿升量"  ;
85972 0 0 "标记砂轮直径"  ;
85973 0 0 "标记砂轮厚度"  ;
85974 0 0 "CNC插补"  ;
85975 0 0 "齿形目录"  ;
85976 0 0 "齿形名称"  ;
85977 0 0 "砂轮圆弧半径"  ;
85978 0 0 "磨削步距.X"  ;
85979 0 0 "齿形路径"  ;
85980 0 0 "磨削模式"  ;
85981 0 0 "顶尖圆弧.YZ"  ;
85982 0 0 "砂轮半径.YX"  ;
85983 0 0 "半径补偿"  ;
85984 0 0 "起始角.C"  ;
85985 0 0 "磨削位.X"  ;
85986 0 0 "通磨磨槽/铲背:"  ;
85987 0 0 "升角补偿.A"  ;
85988 0 0 "圆拉刀外径"  ;
85989 0 0 "叠加补偿"  ;
85990 0 0 "补偿角.A"  ;
85991 0 0 "起始角调整.C"  ;
85992 0 0 "偶数齿补偿角.C"  ;
85993 0 0 "工件安装角.C"  ;
85994 0 0 "升角补偿.B"  ;
85995 0 0 "轴向补偿系数.X"  ;
85996 0 0 "全长齿距"  ;
85997 0 0 "尾齿标准补偿.Z"  ;
85998 0 0 "尾齿测量补偿.Z"  ;
85999 0 0 "齿宽补偿"  ;
;*******************丝锥参数*******************
86000 0 0 "螺旋铲磨"  ;
86001 0 0 "槽数"  ;
86002 0 0 "直槽"  ;
86003 0 0 "螺旋槽"  ;
86004 0 0 "螺旋槽旋向"  ;
86005 0 0 "右旋"  ;
86006 0 0 "左旋"  ;
86007 0 0 "螺旋槽升角"  ;
86008 0 0 "砂轮宽度补偿"  ;
86009 0 0 ""  ;
86010 0 0 "当前砂轮直径"  ;
86011 0 0 "当前砂轮厚度"  ;
86012 0 0 "槽类型"  ;
86013 0 0 "铲磨比例系数"  ;
86014 0 0 "铲背量"  ;
86015 0 0 "起点.Z/Y"  ;
86016 0 0 "起点到砂轮尖.Z"  ;
86017 0 0 "起点到砂轮尖.Y"  ;
86018 0 0 "齿深偏移高度"  ;
86019 0 0 ""  ;
86020 0 0 ""  ;
86021 0 0 ""  ;
86022 0 0 ""  ;
86023 0 0 ""  ;
86024 0 0 ""  ;
86025 0 0 ""  ;
86026 0 0 ""  ;
86027 0 0 ""  ;
86028 0 0 ""  ;
86029 0 0 ""  ;
86030 0 0 ""  ;
86031 0 0 ""  ;
86032 0 0 ""  ;
86033 0 0 ""  ;
86034 0 0 ""  ;
86035 0 0 ""  ;
86036 0 0 ""  ;
86037 0 0 ""  ;
86038 0 0 ""  ;
86039 0 0 ""  ;
86040 0 0 ""  ;
86041 0 0 ""  ;
86042 0 0 ""  ;
86043 0 0 ""  ;
86044 0 0 ""  ;
86045 0 0 ""  ;
86046 0 0 ""  ;
86047 0 0 ""  ;
86048 0 0 ""  ;
86049 0 0 ""  ;
86050 0 0 ""  ;
86051 0 0 ""  ;
86052 0 0 ""  ;
86053 0 0 ""  ;
86054 0 0 ""  ;
86055 0 0 ""  ;
86056 0 0 ""  ;
86057 0 0 ""  ;
86058 0 0 ""  ;
86059 0 0 ""  ;
86060 0 0 ""  ;
86061 0 0 ""  ;
86062 0 0 ""  ;
86063 0 0 ""  ;
86064 0 0 ""  ;
86065 0 0 ""  ;
86066 0 0 ""  ;
86067 0 0 ""  ;
86068 0 0 ""  ;
86069 0 0 ""  ;
86070 0 0 ""  ;
86071 0 0 ""  ;
86072 0 0 ""  ;
86073 0 0 ""  ;
86074 0 0 ""  ;
86075 0 0 ""  ;
86076 0 0 ""  ;
86077 0 0 ""  ;
86078 0 0 ""  ;
86079 0 0 ""  ;
86080 0 0 ""  ;
86081 0 0 ""  ;
86082 0 0 ""  ;
86083 0 0 ""  ;
86084 0 0 ""  ;
86085 0 0 ""  ;
86086 0 0 ""  ;
86087 0 0 ""  ;
86088 0 0 ""  ;
86089 0 0 ""  ;
86090 0 0 ""  ;
86091 0 0 ""  ;
86092 0 0 ""  ;
86093 0 0 ""  ;
86094 0 0 ""  ;
86095 0 0 ""  ;
86096 0 0 ""  ;
86097 0 0 ""  ;
86098 0 0 ""  ;
86099 0 0 ""  ;
;*******************备份恢复参数*******************
87100 0 0 "加工"  ;
87101 0 0 "备份"  ;
87102 0 0 "恢复"  ;
87103 0 0 "备份路径"  ;
87104 0 0 "备份目录"  ;
87105 0 0 "文件名称"  ;
87106 0 0 "备份模式"  ;
87107 0 0 "列表目录"  ;
87108 0 0 "列表名称"  ;
87109 0 0 "列表行数"  ;
87110 0 0 "恢复路径"  ;
87111 0 0 "恢复目录"  ;
87112 0 0 "文件名称"  ;
87113 0 0 "模式选择"  ;
87114 0 0 ""  ;
87115 0 0 "内部SPF"  ;
87116 0 0 "后USB"  ;
87117 0 0 "前USB"  ;
87118 0 0 "CF卡"  ;
87119 0 0 "所有变量"  ;
87120 0 0 "自定义变量"  ;
87121 0 0 ""  ;
87122 0 0 ""  ;
87123 0 0 ""  ;
87124 0 0 ""  ;
87125 0 0 ""  ;
87126 0 0 ""  ;
87127 0 0 ""  ;
87128 0 0 ""  ;
87129 0 0 ""  ;
87130 0 0 ""  ;
87131 0 0 ""  ;
87132 0 0 ""  ;
87133 0 0 ""  ;
87134 0 0 ""  ;
87135 0 0 ""  ;
87136 0 0 ""  ;
87137 0 0 ""  ;
87138 0 0 ""  ;
87139 0 0 ""  ;
87140 0 0 ""  ;
87141 0 0 ""  ;
87142 0 0 ""  ;
87143 0 0 ""  ;
87144 0 0 ""  ;
87145 0 0 ""  ;
87146 0 0 ""  ;
87147 0 0 ""  ;
87148 0 0 ""  ;
87149 0 0 ""  ;
87150 0 0 ""  ;
87151 0 0 ""  ;
87152 0 0 ""  ;
87153 0 0 ""  ;
87154 0 0 ""  ;
87155 0 0 ""  ;
87156 0 0 ""  ;
87157 0 0 ""  ;
87158 0 0 ""  ;
87159 0 0 ""  ;
87160 0 0 ""  ;
87161 0 0 ""  ;
87162 0 0 ""  ;
87163 0 0 ""  ;
87164 0 0 ""  ;
87165 0 0 ""  ;
87166 0 0 ""  ;
87167 0 0 ""  ;
87168 0 0 ""  ;
87169 0 0 ""  ;
87170 0 0 ""  ;
87171 0 0 ""  ;
87172 0 0 ""  ;
87173 0 0 ""  ;
87174 0 0 ""  ;
87175 0 0 ""  ;
87176 0 0 ""  ;
87177 0 0 ""  ;
87178 0 0 ""  ;
87179 0 0 ""  ;
87180 0 0 ""  ;
87181 0 0 ""  ;
87182 0 0 ""  ;
87183 0 0 ""  ;
87184 0 0 ""  ;
87185 0 0 ""  ;
87186 0 0 ""  ;
87187 0 0 ""  ;
87188 0 0 ""  ;
87189 0 0 ""  ;
87190 0 0 ""  ;
87191 0 0 ""  ;
87192 0 0 ""  ;
87193 0 0 ""  ;
87194 0 0 ""  ;
87195 0 0 ""  ;
87196 0 0 ""  ;
87197 0 0 ""  ;
87198 0 0 ""  ;
87199 0 0 ""  ;

;*******************机床配置参数*******************
87300 0 0 "口令验证"  ;
87301 0 0 "是否重置数据为机床默认配置?"  ;
87302 0 0 "确认重置"  ;
87303 0 0 "---------------------------------------"  ;
87304 0 0 "基础配置"  ;
87305 0 0 "几何轴排列选择"  ;
87306 0 0 "XYZ"  ;
87307 0 0 "YZX"  ;
87308 0 0 "是否有圆拉刀"  ;
87309 0 0 "无"  ;
87310 0 0 "有"  ;
87311 0 0 "输入输出信号检测模式"  ;
87312 0 0 "$A_DBB"  ;
87313 0 0 "$A_IN"  ;
87314 0 0 "自动对刀-是否有第二基准测头"  ;

89899 0 0 ""  ;
